1.243101330445873464e+04
1.203357658503250605e+04
1.234786364291282734e+04
1.254831142259547232e+04
1.198490036636027253e+04
1.104770303017651349e+04
1.228316096694391672e+04
1.253865130589840919e+04
1.267643990866217064e+04
1.200285964880823667e+04
1.320143535355530548e+04
1.286619062732796920e+04
1.373115668234714940e+04
1.085479213320154304e+04
1.152311761030639536e+04
1.358592272101340859e+04
1.297576331484389084e+04
1.227623634983192824e+04
1.251469327707004413e+04
1.235873816015994635e+04
1.249370044497681374e+04
1.192500762085745555e+04
1.238528611345131685e+04
1.164717268964928007e+04
1.196535618514470116e+04
1.318784283197154400e+04
1.167459118415879675e+04
1.166888185185092880e+04
1.334030082992320422e+04
1.282818848247366259e+04
1.129326170666620419e+04
1.295755546826114551e+04
1.332632553702791847e+04
1.276232868721669547e+04
1.247633561998995538e+04
1.244247824921787469e+04
1.427514576351274445e+04
1.329864623618449150e+04
1.097382356801009155e+04
1.187865143969876044e+04
1.198639779034969251e+04
1.362665108789972874e+04
1.277026175776780656e+04
1.364248457540800882e+04
1.236537983651387913e+04
1.296743425373469108e+04
1.249752571466452719e+04
1.288243902254490604e+04
1.431744946922003146e+04
1.213272550924935240e+04
1.142870900990733207e+04
1.256849764912991304e+04
1.287683626532965536e+04
1.259905448873021669e+04
1.265603803386351319e+04
1.300863548245035236e+04
1.329117998017446735e+04
1.169387330700297935e+04
1.376898004666908128e+04
1.263258939620289311e+04
1.269918286636665471e+04
1.421170995342561037e+04
1.201556218450135748e+04
1.190130548789064414e+04
1.316041613548405076e+04
1.253318303285956972e+04
1.221875743527792474e+04
1.282901404895826454e+04
1.271405182712607530e+04
1.273208147462420129e+04
1.206252699147480234e+04
1.231695947551617792e+04
1.246473691229934229e+04
1.290052672193616854e+04
1.389048018556076386e+04
1.373252355916025408e+04
1.312553234260471982e+04
1.381247909532804624e+04
1.239650653021180369e+04
1.331716898865375333e+04
1.264624958762766983e+04
1.154976139095963481e+04
1.412135001392018239e+04
1.145633398648554612e+04
1.338772874030842468e+04
1.302455219031765773e+04
1.244492457920218840e+04
1.406407451022842179e+04
1.196729241844849457e+04
1.285761124517473581e+04
1.207455955599174195e+04
1.355584903582241895e+04
1.171311878590821289e+04
1.298184383838238682e+04
1.226485310253543685e+04
1.219112229916757133e+04
1.277727965362225405e+04
1.246731332603092596e+04
1.312752945707464278e+04
1.214249584894089639e+04
