2.531164448284858679e+02
2.559487624117280689e+02
2.520874357326115955e+02
2.654904760242276893e+02
2.471163453865000292e+02
2.439440159636077396e+02
2.474646338458243235e+02
2.450233301721849841e+02
2.345335480704597444e+02
2.355755833473487542e+02
2.652561735527171436e+02
2.460473027566862640e+02
2.751995284190694520e+02
2.490131707556693925e+02
2.592290486601383463e+02
2.480554472580539027e+02
2.788743393826933357e+02
2.353422733713827881e+02
2.726041927272100907e+02
2.298794865444447453e+02
2.403551049524243695e+02
2.460802817648594498e+02
2.594474206987024445e+02
2.790230309398812665e+02
2.600052180597762685e+02
3.015621656102745192e+02
2.607504168513377181e+02
2.358460770938968096e+02
2.341379009104038005e+02
2.683000537036991773e+02
2.613807626268538797e+02
2.539780230572161770e+02
2.584361223402367500e+02
2.656587186664600040e+02
2.397692167629207631e+02
2.594360919968164580e+02
2.413236018709505970e+02
2.252176295266188220e+02
2.597999383194775191e+02
2.729854446854582193e+02
2.688024301783534611e+02
2.105301643896695509e+02
2.512956309594742379e+02
2.472633330100529179e+02
2.381754758914381114e+02
2.602871225969044531e+02
2.652098089135024566e+02
2.327805081637520743e+02
2.650716381305999221e+02
2.441456413948735644e+02
2.758643381937669119e+02
2.340679271657147922e+02
2.448634983467374582e+02
2.560916055603580048e+02
2.333256518941567492e+02
2.329979339018549069e+02
2.457645417458513180e+02
2.505254944073617196e+02
2.458549814734964230e+02
2.922047930067517427e+02
2.589632884615396051e+02
2.669948290447354680e+02
2.327982041826121531e+02
2.302685173611045286e+02
2.624968224641422125e+02
2.587929092063707799e+02
2.513882327181494531e+02
2.259151113740165613e+02
2.653654303590878385e+02
2.422283429305435334e+02
2.368505369333567216e+02
2.561438010079131686e+02
2.639736034566904550e+02
2.201957752913437787e+02
2.571828296723244307e+02
2.518697565995912555e+02
2.839022175625180466e+02
2.297650760848258358e+02
2.381849219387581229e+02
2.488020150742842986e+02
2.533234340271878580e+02
2.529423544496555678e+02
2.287195602132291867e+02
2.383504531859434508e+02
2.751349936684412114e+02
2.665252144265672314e+02
2.757605973253985212e+02
2.506838141847654526e+02
2.720264702146051832e+02
2.416065029701742333e+02
2.476915832234314507e+02
2.537165170696498535e+02
2.705202359201365425e+02
2.608713789291354601e+02
2.650941527380611547e+02
2.562774018460293064e+02
2.628068830334793233e+02
2.580811374495374935e+02
2.343490085392683113e+02
2.511576695411864932e+02
